0 0 0 0 0 0 0 0 0 0 0 0 0 0 0 0 0 0 0 0 0 0 0 0 0 0 0 0 0 0 
0 0 0 0 0 0 0 0 0 0 0 0 0 0 0 0 0 0 0 0 0 0 0 0 0 0 0 0 0 0 
0 0 0 0 0 0 0 0 0 0 0 0 0 0 0 0 0 0 0 0 0 0 0 0 0 0 0 0 0 0 
0 0 0 0 0 0 0 0 0 0 0 0 0 0 0 0 0 0 0 0 0 0 0 0 0 0 0 0 0 0 
0 0 0 0 0 0 0 0 0 0 0 0 0 0 0 0 0 0 0 0 0 0 0 0 0 0 0 0 0 0 
0 0 0 0 0 0 0 0 0 0 0 0 0 0 0 0 0 0 0 0 0 0 0 0 0 0 0 0 0 0 
0 0 0 0 0 0 0 0 0 0 0 0 0 0 0 0 0 0 0 0 0 0 0 0 0 0 0 0 0 0 
0 0 0 0 0 0 0 0 0 0 0 0 0 0 0 0 0 0 0 0 0 0 0 0 0 0 0 0 0 0 
0 0 0 0 0 0 0 0 0 0 0 0 0 0 0 0 0 0 0 0 0 0 0 0 0 0 0 0 0 0 
0 0 0 0 0 0 0 0 0 0 0 0 0 0 0 0 0 0 0 0 0 0 0 0 0 0 0 0 0 0 
0 0 0 0 0 0 0 0 0 0 0 0 0 0 0 0 0 0 0 0 0 0 0 0 0 0 0 0 0 0 
0 0 0 0 0 0 0 0 0 0 0 0 0 0 0 0 0 0 0 0 0 0 0 0 0 0 0 0 0 0 
0 0 0 0 0 0 0 0 0 0 0 0 0 0 0 0 0 0 0 0 0 0 0 0 0 0 0 0 0 0 
0 0 0 0 0 0 0 0 0 0 0 0 0 0 0 0 0 0 0 0 0 0 0 0 0 0 0 0 0 0 
0 0 0 0 0 0 0 0 0 0 0 0 0 0 0 0 0 0 0 0 0 0 0 0 0 0 0 0 0 0 
0 0 0 0 0 0 0 1 0 0 0 0 0 0 0 0 0 0 0 0 0 0 2 0 0 0 0 0 0 0 
0 0 0 0 0 0 0 0 0 0 0 0 0 0 0 0 0 0 0 0 0 0 0 0 0 0 0 0 0 0 
0 0 0 0 0 0 0 0 0 0 0 0 0 0 0 0 0 0 0 0 0 0 0 0 0 0 0 0 0 0 
0 0 0 0 0 0 0 0 0 0 0 0 0 0 0 0 0 0 0 0 0 0 0 0 0 0 0 0 0 0 
0 0 0 0 0 0 0 0 0 0 0 0 0 0 0 0 0 0 0 0 0 0 0 0 0 0 0 0 0 0 
0 0 0 0 0 0 0 0 0 0 0 0 0 0 0 0 0 0 0 0 0 0 0 0 0 0 0 0 0 0 
0 0 0 0 0 0 0 0 0 0 0 0 0 0 0 0 0 0 0 0 0 0 0 0 0 0 0 0 0 0 
0 0 0 0 0 0 0 0 0 0 0 0 0 0 0 0 0 0 0 0 0 0 0 0 0 0 0 0 0 0 
0 0 0 0 0 0 0 0 0 0 0 0 0 0 0 0 0 0 0 0 0 0 0 0 0 0 0 0 0 0 
0 0 0 0 0 0 0 0 0 0 0 0 0 0 0 0 0 0 0 0 0 0 0 0 0 0 0 0 0 0 
0 0 0 0 0 0 0 0 0 0 0 0 0 0 0 0 0 0 0 0 0 0 0 0 0 0 0 0 0 0 
0 0 0 0 0 0 0 0 0 0 0 0 0 0 0 0 0 0 0 0 0 0 0 0 0 0 0 0 0 0 
0 0 0 0 0 0 0 0 0 0 0 0 0 0 0 0 0 0 0 0 0 0 0 0 0 0 0 0 0 0 
0 0 0 0 0 0 0 0 0 0 0 0 0 0 0 0 0 0 0 0 0 0 0 0 0 0 0 0 0 0 
0 0 0 0 0 0 0 0 0 0 0 0 0 0 0 0 0 0 0 0 0 0 0 0 0 0 0 0 0 0 

6 5 5 5 4 4 4 5 6 6 4 3 2 3 4 4 3 2 3 4 6 6 5 4 4 4 5 5 5 6 
3 3 3 4 3 2 3 3 4 5 4 2 1 1 2 2 1 1 2 4 5 4 3 3 2 3 4 3 3 3 
2 3 3 4 2 2 2 3 4 5 4 3 1 1 1 1 1 1 3 4 5 4 3 2 2 2 4 3 3 2 
3 3 3 3 2 1 1 2 3 4 4 3 2 1 1 1 1 2 3 4 4 3 2 1 1 2 3 3 3 3 
4 3 3 3 1 1 1 1 2 3 4 3 2 1 1 1 1 2 3 4 3 2 1 1 1 1 3 3 3 4 
4 3 3 2 2 1 1 2 2 3 4 3 2 1 1 1 1 2 3 4 3 2 2 1 1 2 2 3 3 4 
3 3 2 2 2 2 2 2 3 3 4 3 2 2 2 2 2 2 3 4 3 3 2 2 2 2 2 2 3 3 
3 3 3 3 3 3 3 3 3 3 3 3 3 4 5 5 4 3 3 3 3 3 3 3 3 3 3 3 3 3 
4 4 3 3 3 3 4 5 4 3 3 3 3 7 11 11 7 3 3 3 3 4 5 4 3 3 3 3 4 4 
5 4 4 3 3 3 4 5 4 3 2 2 3 7 11 11 7 3 2 2 3 4 5 4 3 3 3 4 4 5 
4 4 3 3 3 3 4 4 3 2 2 2 4 6 9 9 6 4 2 2 2 3 4 4 3 3 3 3 4 4 
4 3 3 3 3 4 5 4 3 2 2 3 4 6 8 8 6 4 3 2 2 3 4 5 4 3 3 3 3 4 
4 3 3 3 4 5 6 5 3 2 2 3 4 6 9 9 6 4 3 2 2 3 5 6 5 4 3 3 3 4 
5 5 4 3 4 5 7 6 4 3 3 4 5 6 9 9 6 5 4 3 3 4 6 7 5 4 3 4 5 5 
6 6 4 3 4 5 7 7 4 3 3 5 5 6 7 7 6 5 5 3 3 4 7 7 5 4 3 4 6 6 
5 6 5 4 4 5 7 7 5 4 4 6 6 6 6 6 6 6 6 4 4 5 7 7 5 4 4 5 6 5 
6 6 5 4 3 4 5 5 5 5 5 7 6 5 4 4 5 6 7 5 5 5 5 5 4 3 4 5 6 6 
8 6 5 4 3 3 3 4 5 5 5 6 5 4 2 2 4 5 6 5 5 5 4 3 3 3 4 5 6 8 
11 8 5 5 5 4 4 4 5 5 5 5 4 4 2 2 4 4 5 5 5 5 4 4 4 5 5 5 8 11 
12 9 6 6 6 5 4 5 5 5 4 5 5 5 3 3 5 5 5 4 5 5 5 4 5 6 6 6 9 12 
9 9 8 8 7 5 4 5 6 5 5 5 6 5 4 4 5 6 5 5 5 6 5 4 5 7 8 8 9 9 
11 12 12 11 8 5 4 6 8 8 7 6 7 7 6 6 7 7 6 7 8 8 6 4 5 8 11 12 12 11 
14 15 15 13 9 5 5 7 10 11 10 8 9 9 9 9 9 9 8 10 11 10 7 5 5 9 13 15 15 14 
9 10 11 9 7 5 4 6 8 9 9 7 6 7 8 8 7 6 7 9 9 8 6 4 5 7 9 11 10 9 
5 6 7 6 5 5 5 5 6 7 8 6 5 5 6 6 5 5 6 8 7 6 5 5 5 5 6 7 6 5 
4 5 6 5 5 6 6 5 5 5 6 5 3 3 4 4 3 3 5 6 5 5 5 6 6 5 5 6 5 4 
4 5 5 4 5 6 6 5 6 6 5 4 3 3 4 4 3 3 4 5 6 6 5 6 6 5 4 5 5 4 
5 5 4 4 4 5 6 5 7 9 7 5 4 4 6 6 4 4 5 7 9 7 5 6 5 4 4 4 5 5 
7 6 5 5 4 5 5 6 8 10 8 6 4 5 8 8 5 4 6 8 10 8 6 5 5 4 5 5 6 7 
9 8 7 6 5 5 5 6 8 9 7 5 4 5 8 8 5 4 5 7 9 8 6 5 5 5 6 7 8 9 

211 183 123 91 77 88 107 104 80 80 112 121 118 113 97 97 113 118 121 112 80 80 104 107 88 77 91 123 183 211 
153 145 101 72 61 69 94 105 85 82 104 107 106 101 94 94 101 106 107 104 82 85 105 94 69 61 72 101 145 153 
91 100 83 64 55 53 75 99 85 86 105 103 104 99 98 98 99 104 103 105 86 85 99 75 53 55 64 83 100 91 
62 76 75 65 57 51 73 104 88 82 97 92 88 90 101 101 90 88 92 97 82 88 104 73 51 57 65 75 76 62 
51 69 80 76 66 60 82 111 88 70 73 69 62 71 97 97 71 62 69 73 70 88 111 82 60 66 76 80 69 51 
58 76 91 99 90 74 77 88 69 55 58 59 53 73 120 120 73 53 59 58 55 69 88 77 74 90 99 91 76 58 
68 79 87 102 97 71 54 52 43 42 49 49 50 86 151 151 86 50 49 49 42 43 52 54 71 97 102 87 79 68 
49 56 59 73 72 52 34 31 29 36 47 45 47 80 133 133 80 47 45 47 36 29 31 34 52 72 73 59 56 49 
33 39 40 46 46 36 27 25 23 30 44 42 41 56 78 78 56 41 42 44 30 23 25 27 36 46 46 40 39 33 
28 33 32 31 30 27 25 26 20 24 37 36 32 37 44 44 37 32 36 37 24 20 26 25 27 30 31 32 33 28 
31 37 36 29 27 25 28 29 19 18 27 27 22 24 32 32 24 22 27 27 18 19 29 28 25 27 29 36 37 31 
37 41 38 31 29 26 28 28 20 17 21 19 13 15 23 23 15 13 19 21 17 20 28 28 26 29 31 38 41 37 
38 37 33 34 36 34 34 31 25 23 23 17 11 12 19 19 12 11 17 23 23 25 31 34 34 36 34 33 37 38 
30 29 28 32 39 42 41 32 24 23 24 19 14 14 21 21 14 14 19 24 23 24 32 41 42 39 32 28 29 30 
21 24 24 25 35 49 47 30 21 22 26 22 18 14 15 15 14 18 22 26 22 21 30 47 49 35 25 24 24 21 
21 23 21 21 38 64 57 30 19 21 26 24 20 13 10 10 13 20 24 26 21 19 30 57 64 38 21 21 23 21 
29 27 21 24 53 93 76 35 15 13 15 14 12 8 6 6 8 12 14 15 13 15 35 76 93 53 24 21 27 29 
40 34 24 27 62 108 92 48 19 9 7 7 8 7 6 6 7 8 7 7 9 19 48 92 108 62 27 24 34 40 
44 35 24 24 52 92 92 62 30 12 7 7 8 8 7 7 8 8 7 7 12 30 62 92 92 52 24 24 35 44 
38 31 26 30 53 84 87 70 38 17 11 10 10 9 6 6 9 10 10 11 17 38 70 87 84 53 30 26 31 38 
30 30 34 40 56 74 68 57 32 18 16 16 13 9 6 6 9 13 16 16 18 32 57 68 74 56 40 34 30 30 
26 29 37 46 60 72 63 55 35 25 25 26 21 15 12 12 15 21 26 25 25 35 55 63 72 60 46 37 29 26 
31 34 47 65 74 76 64 57 43 37 40 43 34 26 24 24 26 34 43 40 37 43 57 64 76 74 65 47 34 31 
47 51 73 99 91 70 55 52 46 43 49 55 43 34 34 34 34 43 55 49 43 46 52 55 70 91 99 73 51 47 
85 88 110 128 101 64 48 42 37 34 42 49 40 38 44 44 38 40 49 42 34 37 42 48 64 101 128 110 88 85 
120 118 122 120 83 54 44 34 24 21 29 37 35 41 49 49 41 35 37 29 21 24 34 44 54 83 120 122 118 120 
116 112 113 106 67 41 37 33 20 16 24 35 38 48 48 48 48 38 35 24 16 20 33 37 41 67 106 113 112 116 
131 124 121 105 62 41 41 44 28 19 26 39 50 64 54 54 64 50 39 26 19 28 44 41 41 62 105 121 124 131 
185 169 146 119 77 61 61 60 42 35 48 61 76 90 71 71 90 76 61 48 35 42 60 61 61 77 119 146 169 185 
250 214 155 115 89 91 99 93 69 66 91 105 112 118 96 96 118 112 105 91 66 69 93 99 91 89 115 155 214 250 
